20 0.000140117
20.5 0.000143438
21 0.000146094
21.5 0.00014875
22 0.000151406
22.5 0.000154063
23 0.000156719
23.5 0.000159375
24 0.000162031
24.5 0.000164023
25 0.00016668
25.5 0.000169336
26 0.000171992
26.5 0.000174648
27 0.000177305
27.5 0.000179961
28 0.000183281
28.5 0.000185938
29 0.000188594
29.5 0.00019125
30 0.00019457
30.5 0.000197891
31 0.000200547
31.5 0.000203203
32 0.000206523
32.5 0.000209844
33 0.000213164
33.5 0.000216484
34 0.000219141
34.5 0.000222461
35 0.000225781
35.5 0.000229102
36 0.000231758
36.5 0.000235078
37 0.000238398
37.5 0.000241719
38 0.000244375
38.5 0.000247695
39 0.000251016
39.5 0.000254336
40 0.000256992
40.5 0.000259648
41 0.000262305
41.5 0.000265625
42 0.000266953
42.5 0.000269609
43 0.000272266
43.5 0.000274922
44 0.00027625
44.5 0.000278906
45 0.000280234
45.5 0.000281563
46 0.000282891
46.5 0.000284219
47 0.000285547
47.5 0.000285547
48 0.000285547
48.5 0.000285547
49 0.000285547
49.5 0.000285547
50 0.000284219
50.5 0.000282891
51 0.000282891
51.5 0.000280234
52 0.000278906
52.5 0.00027625
53 0.000274922
53.5 0.000272266
54 0.000269609
54.5 0.000266953
55 0.000263633
55.5 0.000260313
56 0.000256992
56.5 0.000253008
57 0.000249688
57.5 0.000246367
58 0.000242383
58.5 0.000238398
59 0.000235078
59.5 0.000231758
60 0.000228438
60.5 0.000225117
61 0.000220469
61.5 0.000207188
62 0.000182617
62.5 0.000160039
