3.6 0.11015625298
3.7 0.12246093899
3.8 0.10371093452
3.9 0.10019531101
4.0 0.0999023467302
4.1 0.0999023467302
4.2 0.10019531101
4.3 0.10048828274
4.4 0.10078124702
4.5 0.10078124702
4.6 0.10136719048
4.7 0.10136719048
4.8 0.10166015476
4.9 0.10195312649
5.0 0.10224609077
5.1 0.1025390625
5.2 0.1025390625
5.3 0.10283203423
5.4 0.10312499851
5.5 0.11513672024
5.6 0.10341797024
5.7 0.10341797024
5.8 0.10371093452
5.9 0.10371093452
6.0 0.10371093452
6.1 0.10371093452
6.2 0.10371093452
6.3 0.10400390625
6.4 0.10400390625
6.5 0.10400390625
6.6 0.10400390625
6.7 0.10400390625
6.8 0.10371093452
6.9 0.10371093452
7.0 0.10371093452
7.1 0.10371093452
7.2 0.10341797024
7.3 0.10341797024
7.4 0.10312499851
7.5 0.10312499851
7.6 0.10283203423
7.7 0.1025390625
7.9 0.10195312649
8.0 0.10136719048
8.0 0.11074218899
8.1 0.11103515327
8.2 0.111328125
8.3 0.11162109673
8.4 0.11191406101
8.5 0.11220703274
8.6 0.11279296875
8.7 0.11367187649
8.8 0.11484374851
8.9 0.11660156399
9.0 0.11953125149
9.1 0.12480469048
9.2 0.13652344048
9.3 0.15878906846
9.4 0.19511719048
9.5 0.20039062202
9.6 0.16757813096
9.7 0.146484375
9.8 0.1435546875
9.9 0.15644530952
10.0 0.17402343452
10.1 0.17109374702
10.2 0.16289062798
10.3 0.16582031548
10.5 0.14121094346
10.6 0.12714843452
10.7 0.1201171875
10.8 0.11601562798
10.9 0.11337890476
11.0 0.11191406101
11.1 0.11074218899
11.2 0.11015625298
11.3 0.10957030952
11.4 0.10898437351
11.5 0.10869140923
11.5 0.1083984375
11.6 0.10869140923
11.7 0.10869140923
11.8 0.1083984375
11.9 0.1083984375
12.0 0.10810546577
12.1 0.10781250149
12.2 0.10751952976
12.3 0.10722656548
12.4 0.10693359375
12.5 0.10664062202
12.6 0.10605468601
12.7 0.10576172173
12.8 0.10546875
12.9 0.10517577827
13.0 0.10458984226
13.1 0.10429687798
13.2 0.10400390625
13.3 0.10371093452
13.4 0.10312499851
13.5 0.10283203423
13.6 0.1025390625
13.7 0.10224609077
13.8 0.10195312649
13.9 0.10166015476
14.0 0.10136719048
14.1 0.10107421875
14.2 0.10078124702
14.3 0.10048828274
14.4 0.10019531101
14.5 0.0999023467302
14.6 0.099609375
14.7 0.0993164032698
14.8 0.0990234389901
14.9 0.0987304672599
15.0 0.0984375029802
15.1 0.0984375029802
15.2 0.09814453125
15.3 0.0978515595198
15.4 0.0978515595198
15.5 0.0975585952401
15.6 0.0975585952401
15.7 0.0972656235099
15.8 0.0972656235099
15.9 0.0969726592302
16.0 0.0969726592302
16.1 0.0969726592302
16.2 0.0966796875
16.3 0.0966796875
16.4 0.0966796875
16.5 0.0966796875
16.6 0.0966796875
16.7 0.0966796875
16.8 0.0966796875
16.9 0.0966796875
17.0 0.0966796875
17.1 0.0966796875
17.2 0.0969726592302
17.3 0.0969726592302
17.4 0.0969726592302
17.5 0.0972656235099
17.6 0.0972656235099
17.7 0.0975585952401
17.8 0.0978515595198
17.9 0.0978515595198
18.0 0.09814453125
18.1 0.0984375029802
18.2 0.0987304672599
18.3 0.0990234389901
18.4 0.0993164032698
18.5 0.0999023467302
18.6 0.10019531101
18.7 0.10078124702
18.8 0.10107421875
18.9 0.10166015476
19.0 0.10224609077
19.1 0.10283203423
19.2 0.10341797024
19.3 0.10400390625
19.4 0.10488281399
19.5 0.10546875
19.6 0.10634765774
19.7 0.10722656548
19.8 0.10781250149
19.9 0.10898437351
20.0 0.10986328125
20.1 0.11074218899
20.2 0.11191406101
20.3 0.11308594048
20.4 0.1142578125
20.5 0.11572265625
20.6 0.1171875
20.7 0.11894531548
20.8 0.1201171875
20.9 0.12187500298

