3.6 0.522376234365
3.7 0.46703437861
3.8 0.70625764771
3.9 0.553065758153
4.0 0.40382974815
4.1 0.480763270142
4.2 0.400881405436
4.3 0.439803751087
4.4 0.430894470573
4.5 0.259128154071
4.6 0.269239278641
4.7 0.329329735846
4.8 0.459908247207
4.9 0.473263890348
5.0 0.55873583589
5.1 0.364953445679
5.2 0.290721435204
5.3 0.438051018946
5.4 0.219333951831
5.5 0.390743987069
5.6 0.559724129542
5.7 0.504536703723
5.8 0.234276787395
5.9 0.295399682593
6.0 0.380122043741
6.1 0.359127761302
6.2 0.428117809191
6.3 0.196994565847
6.4 0.264404597752
6.5 0.50149172119
6.6 0.47561825298
6.7 0.391217645399
6.8 0.314078758928
6.9 0.315412106194
7.0 0.355703019665
7.1 0.426201620323
7.2 0.438229386468
7.3 0.410400477063
7.4 0.21714638992
7.5 0.193245435528
7.6 0.191703570897
7.7 0.158676892425
7.8 0.130062286002
7.9 0.249756421514
8.0 0.330450980382
8.0 0.286980553196
8.1 0.312742273555
8.2 0.357262298346
8.3 0.400443194294
8.4 0.418421731889
8.5 0.399123017281
8.6 0.377502500595
8.7 0.330943305017
8.8 0.24405853723
8.9 0.199910918109
9.0 0.167987938007
9.1 0.185023828801
9.2 0.192459903183
9.3 0.195713560161
9.4 0.263429607823
9.5 0.299712286407
9.6 0.269868952426
9.7 0.258314000774
9.8 0.258310388344
9.9 0.304731177349
10.0 0.285274991935
10.2 0.283790088367
10.3 0.261156899394
10.4 0.218045532668
10.5 0.194967208329
10.6 0.176062382514
10.7 0.175585569528
10.8 0.182481705864
10.9 0.202669877564
11.0 0.205493386022
11.1 0.183382558505
11.2 0.168187362435
11.3 0.17256107019
11.4 0.197529736198
11.5 0.26875688455
11.5 0.229598001741
11.6 0.319467118176
11.7 0.455690827186
11.8 0.544727678316
11.9 0.570051794951
12.0 0.557585578675
12.1 0.530871248807
12.2 0.526034214987
12.3 0.500838493754
12.4 0.478931460069
12.5 0.443197816518
12.6 0.41974661668
12.7 0.37454498953
12.8 0.310646195653
12.9 0.260978036949
13.0 0.222590047535
13.1 0.227478577263
13.2 0.268805275989
13.3 0.296273855803
13.4 0.306719317396
13.5 0.297163923627
13.6 0.286253517738
13.7 0.270286374217
13.8 0.294891367788
13.9 0.379211983032
14.0 0.444098127593
14.1 0.458349344757
14.2 0.430146250066
14.3 0.337564567687
14.4 0.245018077919
14.5 0.222909278683
14.6 0.234756545713
14.7 0.241975874132
14.8 0.234827625767
14.9 0.200002295431
15.0 0.204042094744
15.1 0.211349373573
15.2 0.235549949366
15.3 0.272641271235
15.4 0.297474437889
15.5 0.30988647373
15.6 0.288314701194
15.7 0.264719825965
15.8 0.274016818786
15.9 0.208042967752
16.0 0.167764636749
16.1 0.219732107629
16.2 0.220105515048
16.3 0.23599533421
16.4 0.295301089166
16.5 0.399765146802
16.6 0.472519302133
16.7 0.497990397729
16.8 0.475006209199
16.9 0.44677214215
17.0 0.38917899141
17.1 0.350296168245
17.2 0.327536710308
17.3 0.336337187441
17.4 0.315210144502
17.5 0.311979055112
17.6 0.261976791383
17.7 0.254700076976
17.8 0.251237830589
17.9 0.27553667391
18.0 0.278611934563
18.1 0.277526813831
18.2 0.272818681925
18.3 0.268975493691
18.4 0.274635481785
18.5 0.239867907107
18.6 0.255099082097
18.7 0.249580910249
18.8 0.26407908328
18.9 0.291538849674
19.0 0.307966656166
19.1 0.302838169452
19.2 0.277954245593
19.3 0.28201428994
19.4 0.281692791204
19.5 0.238860479423
19.6 0.238018852275
19.7 0.245245211005
19.8 0.258342753219
19.9 0.316621542915
20.0 0.359417303265
20.1 0.418954334053
20.2 0.454664913788
20.3 0.501890576159
20.4 0.536606074235
20.5 0.547469179841
20.6 0.577504133125
20.7 0.586442992908
20.8 0.575158554245
