3.6 0.522070011002
3.7 0.500082965516
3.8 0.422227677966
3.9 0.384035977029
4.0 0.378121170672
4.1 0.316446501908
4.2 0.341146364918
4.3 0.296649141752
4.4 0.296356820587
4.5 0.296820593825
4.6 0.292642491441
4.7 0.300441930039
4.8 0.272109866134
4.9 0.240985768727
5.0 0.274044483922
5.1 0.262497596823
5.2 0.248848959793
5.3 0.274182091577
5.4 0.239069541693
5.5 0.24666986092
5.6 0.218673391012
5.7 0.234156836035
5.8 0.231888779466
5.9 0.241626849679
6.0 0.235273330398
6.1 0.223450168176
6.2 0.224748186955
6.3 0.227761748774
6.4 0.238374671663
6.5 0.230477176495
6.6 0.218018769987
6.7 0.202560924694
6.8 0.229565161345
6.9 0.228011498275
7.0 0.238389363383
7.1 0.215645487433
7.2 0.22073067959
7.3 0.238165181857
7.4 0.243039728905
7.5 0.215431819144
7.6 0.228913926649
7.7 0.221233829854
7.8 0.208532820566
7.9 0.227267302338
8.0 0.221851807773
8.1 0.212995139673
8.2 0.233371140127
8.3 0.231781560507
8.4 0.234029228776
8.5 0.236803972867
8.6 0.229391419855
8.7 0.236838262091
8.8 0.232618455513
8.9 0.256782953138
9.0 0.229940822358
9.1 0.238788939656
9.2 0.265679286544
9.3 0.288144604553
9.4 0.360033548837
9.5 0.391466280556
9.6 0.345255991224
9.7 0.307700113583
9.8 0.290740894876
9.9 0.303466365305
10.0 0.328702712445
10.2 0.345686624004
10.3 0.333241572779
10.4 0.326812845437
10.5 0.295942123325
10.6 0.267759105956
10.7 0.258546489375
10.8 0.242308643678
10.9 0.240315189647
11.0 0.24398478405
11.1 0.230750688133
11.2 0.239429082752
11.3 0.252978760223
11.4 0.241686802633
11.5 0.23866900972
11.6 0.250217332638
11.7 0.247508407941
11.8 0.273066352079
11.9 0.259206644627
12.0 0.259054998417
12.1 0.277117914109
12.2 0.257659253184
12.3 0.270113054637
12.4 0.261324280525
12.5 0.258334041898
12.6 0.269872521332
12.7 0.266739709748
12.8 0.278710903216
12.9 0.273427201524
13.0 0.267776002588
13.1 0.266462189751
13.2 0.264393783069
13.3 0.274352592366
13.4 0.274760133353
13.5 0.267656775945
13.6 0.266306003859
13.7 0.263778879655
13.8 0.269649170559
13.9 0.27209101024
14.0 0.265179566148
14.1 0.288567692554
14.2 0.26207375253
14.3 0.290310727056
14.4 0.28849671877
14.5 0.258069428837
14.6 0.271301745592
14.7 0.291690777125
14.8 0.279805440194
14.9 0.287085352313
15.0 0.279764930017
15.1 0.290964182922
15.2 0.28301837117
15.3 0.294856640409
15.4 0.289876029524
15.5 0.28783628651
15.6 0.285140063788
15.7 0.2968243223
15.8 0.27652813264
15.9 0.290318578555
16.0 0.30079404228
16.1 0.295152794684
16.2 0.293907603577
16.3 0.304355515355
16.4 0.300726160126
16.5 0.29842946061
16.6 0.307690244816
16.7 0.311558167942
16.8 0.281532398371
16.9 0.308134547222
17.0 0.30783056339
17.1 0.313918914948
17.2 0.302205060925
17.3 0.32086897684
17.4 0.306775059947
17.5 0.335774596796
17.6 0.305252569374
17.7 0.323376682601
17.8 0.316155573369
17.9 0.326141483339
18.0 0.33039323344
18.1 0.33981721261
18.2 0.338104033923
18.3 0.346413745098
18.4 0.35023981239
18.5 0.342901889534
18.6 0.358952801005
18.7 0.355342531882
18.8 0.363604831786
18.9 0.379282755847
19.0 0.364206517172
19.1 0.376502098038
19.2 0.36279866882
19.3 0.381674570852
19.4 0.389574342572
19.5 0.4095493059
19.6 0.377758959946
19.7 0.360640248317
19.8 0.37954963832
19.9 0.400220189063
20.0 0.415348440245
20.1 0.428823807193
20.2 0.400528265267
20.3 0.422029678394
20.4 0.439528110198
20.5 0.443567662312
20.6 0.446443318661
20.7 0.461748706388
20.8 0.463435804579
20.9 0.474594099776
21.0 0.479309797098
